Operation,Q1;

Data,Q1;
Line,12,-7,12,-8;
Arc,12,-8,11,-9,11,-8,CW;
Line,11,-9,10,-9;
Arc,10,-9,9,-8,10,-8,CW;
Line,9,-8,9,-7;
Line,9,-7,2,-7;
Line,2,-7,2,-8;
Arc,2,-8,1,-9,1,-8,CW;
Line,1,-9,0,-9;
Arc,0,-9,-1,-8,0,-8,CW;
Line,-1,-8,-1,-6.4142;
Line,-1,-6.4142,-2.7071,-4.7071;
Arc,-2.7071,-4.7071,-3,-4,-2,-4,CW;
Line,-3,-4,-3,0;
Arc,-3,0,-2,1,-2,0,CW;
Line,-2,1,-1,1;
Line,-1,1,-1,6;
Arc,-1,6,0,7,0,6,CW;
Line,0,7,12,7;
Arc,12,7,13,6,12,6,CW;
Line,13,6,13,1;
Line,13,1,15,1;
Arc,15,1,16,0,15,0,CW;
Line,16,0,16,-4;
Arc,16,-4,13,-7,13,-4,CW;
Line,13,-7,12,-7;
End,Q1;